    50
     1   -0.230897   -0.533234    0.115449       0.020000
     2   -0.153931   -0.399925    0.115449       0.020000
     3   -0.076966   -0.266617    0.115449       0.020000
     4   -0.000000   -0.133308    0.115449       0.020000
     5    0.076966    0.000000    0.115449       0.020000
     6    0.153931    0.133308    0.115449       0.020000
     7    0.230897    0.266617    0.115449       0.020000
     8    0.307863    0.399925    0.115449       0.020000
     9    0.384828    0.533234    0.115449       0.020000
    10   -0.307863   -0.666542    0.115449       0.020000
    11   -0.153931   -0.666542    0.115449       0.020000
    12   -0.076966   -0.533234    0.115449       0.020000
    13    0.000000   -0.399925    0.115449       0.020000
    14    0.076966   -0.266617    0.115449       0.020000
    15    0.153931   -0.133308    0.115449       0.020000
    16    0.230897    0.000000    0.115449       0.020000
    17    0.307863    0.133308    0.115449       0.020000
    18    0.384828    0.266617    0.115449       0.020000
    19    0.461794    0.399925    0.115449       0.020000
    20   -0.230897   -0.799851    0.115449       0.020000
    21   -0.076966   -0.799851    0.115449       0.020000
    22    0.000000   -0.666542    0.115449       0.020000
    23    0.076966   -0.533234    0.115449       0.020000
    24    0.153931   -0.399925    0.115449       0.020000
    25    0.230897   -0.266617    0.115449       0.020000
    26    0.307863   -0.133308    0.115449       0.020000
    27    0.384828    0.000000    0.115449       0.020000
    28    0.461794    0.133308    0.115449       0.020000
    29    0.538760    0.266617    0.115449       0.020000
    30   -0.153931   -0.933159    0.115449       0.020000
    31    0.000000   -0.933159    0.115449       0.020000
    32    0.076966   -0.799851    0.115449       0.020000
    33    0.153931   -0.666542    0.115449       0.020000
    34    0.230897   -0.533234    0.115449       0.020000
    35    0.307863   -0.399925    0.115449       0.020000
    36    0.384828   -0.266617    0.115449       0.020000
    37    0.461794   -0.133308    0.115449       0.020000
    38    0.538760    0.000000    0.115449       0.020000
    39    0.615725    0.133308    0.115449       0.020000
    40   -0.076966   -1.066468    0.115449       0.020000
    41    0.076966   -1.066468    0.115449       0.020000
    42    0.153931   -0.933159    0.115449       0.020000
    43    0.230897   -0.799851    0.115449       0.020000
    44    0.307863   -0.666542    0.115449       0.020000
    45    0.384828   -0.533234    0.115449       0.020000
    46    0.461794   -0.399925    0.115449       0.020000
    47    0.538760   -0.266617    0.115449       0.020000
    48    0.615725   -0.133308    0.115449       0.020000
    49    0.692691    0.000000    0.115449       0.020000
    50    0.000000   -1.199776    0.115449       0.020000
